ID	DOC	DON	L.Asx	D.Asx	L.Glx	D.Glx	L.Ser	D.Ser	Thr	Gly	Arg	b.Ala	His	L.Ala	g.Aba	D.Ala	Tyr	Val	Phe	Ile	Leu	Lys
400149	89.0872305527571	5.38304120838174	21.787086320343	15.2307498147797	19.3057551145709	4.96560194730739	16.0004792661995	3.50382929959619	10.2530535286009	64.5119213821746	16.9515448487362	6.31420218761836	5.43866838020877	26.0305574214644	2.93134989634287	9.06058927740785	7.44560400606796	2.6051664624653	4.874316862469	3.73886295205172	9.57525630332491	8.11401179021012
400145	124.056050022064	3.13354988259729	12.2980821120783	11.4003662515074	11.2716723828747	2.40770056641884	8.77907529258061	3.28224378757132	5.31412932635259	64.6744897251367	9.47420352806927	5.31448884816502	4.41313282836388	17.5316402551302	3.10538597565892	8.32071598640835	6.09432389428192	1.89604497518188	3.27194753730482	1.93726147659507	5.97686026398998	5.37140370119956
400143	73.2680026975947	2.96274042071667	13.3424370531852	13.3252256380927	10.619497619821	3.77550283978514	8.06438748864821	3.52660323678428	5.51054596578421	63.632397575404	8.77131813332507	5.17809927630975	3.78610502214999	18.9420377379098	2.11837304426746	7.74933690666387	5.93059634749105	3.46143333146719	3.4462840397649	2.63021478099062	6.05649851060738	4.21106818351883
400140	73.2680026975947	3.02909336311389	10.1181983546807	7.96224994099413	7.50449384435766	1.43777205663674	6.50267339612402	2.60572978808834	4.83067307016408	49.3221727226607	2.45872338937572	5.01138534100285	3.92027562731369	14.0805051905659	1.83182819546268	7.55577683116962	5.20858701354705	1.5457650670673	3.16293866442542	1.83849241752733	4.82194830483302	3.83610425778779
400136	61.6117295411591	2.91814536494936	15.3137014146252	15.8033559514827	12.0642586135911	4.25676161940486	9.40847768656583	4.39042578162577	6.84874979781789	59.7476787367855	14.7512948200251	5.27345967372275	3.62766308467896	23.425421626269	2.40422287688647	8.6792682793335	6.82651610142384	4.62401641978245	4.76682135397151	6.32771200200805	8.87407035158382	8.57750714104295
400133	104.90645840792	3.5442518102933	11.420052260943	9.06758682404444	9.95340076768595	2.020522575764	9.92110393960702	2.66954263627287	5.93088377190565	53.2464207211341	6.74266760919673	4.68545485812953	3.65682953159122	14.3115928327327	3.12186227352838	7.92039660368821	6.02111515571051	1.84146122148765	3.25590905366049	2.00432248540541	4.42950716092886	2.72074935007618
400244	63.2769114206499	3.4446120484279	14.9854414794071	10.3830722719854	16.5810064791415	2.38340536877283	12.062524814962	2.56063292497431	6.60313689325876	55.7195510969713	6.32095959047818	8.04754712119288	4.70690188901752	17.7724796299735	1.97652860754516	7.31235462109719	5.57685265641746	2.10883014122738	3.22574227890733	2.34649872250047	5.42583560803065	5.86386963776205
400241	168.18336982857	4.31103778738933	24.3910349871234	11.4948933340534	23.8497754191853	4.69240740613017	21.9657881573358	3.5857033815002	10.1660737881269	69.7562052397435	19.4747924449088	6.16026597184666	3.94474295139283	24.3852406344874	2.60697828832797	8.46133932348475	7.27527403060513	4.37929388550188	4.26011030565625	5.38039616870171	8.35661730501938	8.23004400872899
400239	66.6072751796315	4.46715609680242	19.01182774462	8.94916730649259	14.1511389626661	1.91751891042524	18.289501432671	2.29210775668473	8.8724743861722	60.0691310846396	6.80301386231106	6.16284626775765	4.21058600030995	21.3601116712157	2.38325787894727	7.92727782640918	5.03284431059632	3.38064472396913	4.03734763537119	4.2471197155577	5.43731806775748	5.18922623120318
400235	64.9420933001407	3.55402936895364	25.4568808408081	11.0549560163561	24.7759432075226	3.06615360679628	18.4811595787994	2.64596660528828	12.3377080769527	67.817146475768	19.6263734131841	7.85711576975418	4.34053544557736	28.2095339824296	2.17619033811729	9.67858633492413	7.28466391648907	4.68532724319604	4.89095349851634	4.9979182071019	7.52442338503597	8.11445314167089
400232	70.7702298783585	4.10229853722985	14.8808384950154	13.2071227762353	11.8417460890835	3.0119398290074	10.8583032898445	4.0947779649615	6.69171082961418	60.0249780559117	8.3088439259585	6.41058166695748	3.90040518673385	21.0847029155872	2.18144239239796	8.48954988344274	5.70542208334905	3.43283177397819	3.63282901484272	2.61788169770719	5.04256946198591	3.58495458825945
400229	63.2769114206499	2.58900685992126	39.2006686671141	35.9822383681028	27.5516966843594	5.68830697304016	21.9161412157024	6.52607066507254	21.719774646434	104.017666752104	42.1954645079246	6.06274652202383	4.62962862321541	61.5615880004033	3.3787223770791	16.2891684661997	12.2104306892583	14.778400943699	15.7002700410118	17.6789650034975	19.4382058546221	16.7030973993392
400365	96.5805490104657	5.94701604977052	26.2699324960398	26.9573697633519	25.2980406221294	9.78712570152276	15.5101532892267	6.8511827238801	9.22579984131441	85.8232641517803	34.908977869552	8.09828758071303	4.43999774017194	33.2200261862991	2.86784540121964	11.4387163631553	10.6830045542589	6.82768893730373	6.80933690140794	8.91571643844146	11.631501223532	10.564841968764
400362	70.7702298783585	4.1708259761616	20.3031019524895	13.2156177117196	15.7676373578119	3.98488569147353	13.4074845648362	3.57601007656296	9.98248853178773	67.7672873960905	10.457147986848	6.90656875425632	4.03579671514457	26.4321044415379	1.98041611769074	8.1446892874635	5.99562108702422	4.23888621999475	4.45270329101553	2.79563716972743	6.11395901436212	5.75808596795516
400360	67.4398661193769	4.29155770967941	28.0612351089162	26.3237469373765	29.2740621256564	8.21452406387125	21.3481940860275	6.08135640546945	10.4962293449422	98.0718239302716	36.8530734838257	6.39533075705044	5.0032079763053	35.7842865343449	2.49090855363558	12.2728784303245	12.6502464257546	8.17047725089363	8.73774562511405	13.7045138939072	12.7669069154962	11.4004398166905
400355	69.1050479988677	1.4604476155018	28.411232999658	12.6925957104654	26.0472271528765	5.0164184433272	19.0316197226897	2.29479875919274	12.3762304603686	72.5365572691267	17.977640782979	7.04866420860072	4.44016652628704	28.1030001781531	2.05138367925508	8.06167017800572	6.56666642450176	5.12264665471706	6.21920702349363	8.19403469845187	9.15017521169453	8.9469311864591
400352	66.6072751796315	3.40498326609853	22.7772449467747	10.5489411965645	19.1475926822118	3.04374487622967	17.9219200115049	2.12656539230655	9.02037788890585	69.8814284630418	15.6345124080596	6.25662247948838	4.03184118715592	22.2867091365555	2.31851979012096	7.7975028617013	5.41039105408737	0	5.33261263745164	4.02305530269297	7.24895144513032	7.79366878567832
400349	67.4398661193769	3.8730464476855	17.0176149803152	11.6270889312584	12.7823519903398	3.43970670626715	11.1016136095696	2.40189842568179	8.28466303167706	59.0080810725275	7.79931626133349	6.49833699679841	3.89352635937584	21.40052688435	2.71154045367314	8.92143609258543	5.27190003678154	3.44316265420856	3.50642992044717	2.90257580729154	5.81206519643528	4.31792305010029
400468	61.6117295411591	3.21180670846589	14.0481476554483	12.6432844117689	11.0404715095837	3.33880299544089	10.5227520058671	3.10801220293066	6.48343791783233	60.7467836630275	8.88572921723453	6.60803431770796	3.94463476330026	19.6661344179777	2.33207842371022	8.24615042166533	5.71320507436208	2.77679710038324	3.44832578702677	1.88194486828132	5.18962374231886	4.71023116875741
400464	68.2724570591223	3.18689015343107	14.7096635258061	14.7431944353836	11.6210881026603	4.44874597980737	9.48751754875405	3.38841666067875	6.20459962973635	60.7823185872176	9.66305543802998	5.5532836627349	4.43892299775674	20.0769863440868	2.43514250872516	7.61195830026062	6.34865393026401	3.31931033776112	4.40179168653395	2.73095193900002	5.65882450543597	4.90120164712743
400462	105.739049347665	4.85035682405737	12.5413433031576	11.8963006511237	10.0093543581564	3.02417197310648	8.13024627735159	2.55299652229288	5.16019886795831	62.0594705220205	4.99572730877914	5.66934586670289	3.59466912706647	17.3904664463384	2.26698904049504	7.69025388966535	5.68361614338659	2.51552505369848	3.36533146953109	2.13729944449844	4.72789425175825	4.20647674910349
400458	88.2546396130117	3.73832525265382	16.3162863178365	7.97378957282435	11.6342711152399	3.14498234126623	12.0266474992549	2.23289452928566	7.29923581067435	61.305548702275	6.48307641070887	4.7406124879144	3.50415685899507	19.1621878949082	2.24092584118048	7.4334000538104	4.76510164622596	2.50776467978365	3.79584569201135	2.22511136369319	5.29891439174229	5.00602491776604
400455	67.4398661193769	3.38653572034877	23.7999221396044	16.8941664164635	24.55630256007	6.73921306295445	18.294127173866	3.43170468425995	8.20741029631123	72.2929482456508	25.2921679043917	4.62829208630744	3.82466574888932	26.1924522785356	2.06299338624532	7.00653018256771	7.61724160682109	4.56315999080794	5.11205587801211	5.87197007875771	9.32994591652611	9.46682113967413
400452	96.5805490104657	3.01167556535825	13.0550830393917	11.4511024502624	8.88047260199173	2.47731785696494	8.49095590342469	2.32077482540254	5.66020480558127	50.7671563405259	4.49576417658324	5.68716041804031	3.57676368047882	17.6820195995131	2.35530947362473	7.69980054579915	5.58714365423941	2.53123030469359	3.72385167777748	3.92552254061842	4.54313848603613	4.58205626817408
400563	65.7746842398861	3.25784641962114	11.5693824545952	10.1672265713641	10.639716715551	3.37059514018975	10.2870892075364	3.02634617497169	5.38252205126026	55.307603732461	5.24856270017488	7.32857951011006	3.71683450252681	16.5051655433525	1.73509886068401	6.62227043607902	5.7602934582375	3.00548655818493	3.57560196267793	2.72152775267655	5.02744204372121	5.20968517011544
400560	98.2457308899564	2.96267959184443	14.9384999143329	10.7726747209512	15.6986717887338	2.90524678105693	19.1868897069445	4.00143461153495	6.07402293588951	71.8686984385326	12.8155877984617	5.60710347829216	3.63969329916908	17.6905498767731	1.55041350067746	5.40990409260882	8.45245962426451	3.51931241762076	4.49617261405171	2.79105062153615	6.38115634989068	6.28112330877482
400558	74.9331845770854	5.76027962643889	24.391456487891	22.5748653019882	27.256899241001	7.65371202795517	28.2133900584792	8.13122081366914	11.13393524302	110.902696046197	35.8594010806659	7.63677928834148	4.6730020544217	30.1736736930617	1.52818683503565	8.53996686400679	11.2216237353921	8.67821569481812	8.39852098063161	12.7509311250766	11.1209553193289	10.6700518816719
400554	71.6028208181039	3.44707050593336	15.536636838175	16.9184012592395	16.0497449349472	7.13684158005685	15.9482351719099	7.32413522096439	6.4573165190527	80.27171928859	14.4828364681317	7.70249729456956	5.8160938041262	23.0131204018276	1.53258641862662	8.00433393251094	7.04601371269726	4.99760517375513	4.87929818255572	6.56873771927985	6.7764146270995	7.80930274169392
400551	70.7702298783585	3.2094356448975	10.40884688661	10.7400933149338	8.20231406502665	2.78709787089492	5.78541129435835	2.88533634935006	4.9340592554663	51.3544860675879	6.40283355821813	6.83897740610489	4.38744830892653	15.8896661811455	2.28476228326389	6.69357701862679	5.20459179767816	2.74472370564921	3.41856576486203	2.31770377859015	5.524987548035	4.71244574166005
400548	97.4131399502111	5.23896587176149	13.2292362532704	12.2842142235065	12.5928986075629	4.37159183545571	9.58347676546458	3.25810239783901	5.84206950105234	59.8360192273073	9.10289053963124	8.34058730201445	3.95008398495409	18.7916658198447	2.55185092690688	8.34160061778556	6.24123486894505	3.50433101999353	3.35491797646105	1.84128713486204	4.96542211726241	5.35454683384474
400804	95.7479580707203	5.83055916845568	11.6737866207719	11.959896125574	9.48268715183396	2.85923165641008	7.25398023804644	3.43648770371721	5.67962507255861	63.1640193346051	1.34712461091685	10.1617277659004	3.46486998710362	18.0327646074729	2.94077223243545	10.6999001749434	5.76719779904705	2.62272917502935	3.2354365116215	1.78763723337312	4.1862729817027	3.75084618935338
400801	81.5939120950486	5.1869040429095	12.4557807949318	11.1943322436409	8.19004869146845	2.27188909382995	7.72196876907542	3.21935662954692	5.68184007517315	59.9653940945725	1.49606764907711	9.09979213827151	3.51593302182793	17.4415027541126	2.28072147430509	7.95160752321638	5.23167349259053	2.16410845692579	3.15142169359394	2.6601679377633	4.23830480717326	4.36857732504585
400799	78.263548336067	5.31202902119641	14.0612597592093	10.9025870798493	8.80946588516429	2.63586301722365	10.8424402085802	2.9223492792215	6.9431461644876	62.5417941545801	2.42071748536602	10.4120044091256	3.63110812984958	17.7376780938176	1.82620028204355	10.0753669242817	5.16713828674216	2.7427399993836	3.13727541911072	1.55831582218571	4.61225459709952	4.09121643589987
400795	101.576094648938	4.56311817229992	15.2991468192709	10.2042190375042	10.4993120791408	2.72467819993737	11.281338293665	3.30015591373438	7.72150076892287	62.7988812639199	3.93039065030342	9.29524108271585	3.88327529965438	18.7993406063157	2.19402767087191	9.57957968707757	5.44372085482022	2.87127504291934	3.14344535816296	1.44043677706237	4.31686586477143	3.63232263378668
400792	92.4175943117387	4.32596263494714	14.4862144433181	10.28308098554	10.3956259776054	3.00496540424672	9.50464218665947	2.60806075261891	7.76716570079767	60.4394931433494	3.11890204438046	9.83995630884217	3.67556701123684	18.6035025811904	2.01628212967047	9.25820537279576	4.90648582302389	2.6834244474604	3.23335469352126	1.56489288430499	4.69298631824988	3.31477462530255
400789	90.7524124322479	5.65562505162644	17.9636089083594	13.7133925585746	17.9758720758312	4.45799147327643	11.780480994955	3.15863993128784	9.58721747606907	66.0875981618347	2.80260808498243	10.0924956642618	3.96119674221051	24.2902550572939	3.08491670544827	11.8749230109104	6.15096291959229	3.119672508439	3.86359659994628	2.53252437736893	5.31525488535268	5.94045285128679
400889	63.2769114206499	2.06201534733381	16.8499865488667	13.3082268418561	12.1842537072487	3.57866782831396	10.5044768358051	2.68129417713621	7.21274844603417	56.6893534839829	12.7832745117273	7.18836543778311	3.42454279628097	24.7795536049057	4.33813949041845	11.3024870238836	7.09938697797811	3.96260186302588	3.4319942713856	2.70509767292233	5.28767165477737	5.17760995270391
400886	65.7746842398861	1.80899185561245	15.4709771796565	14.3448913141933	13.3718597564669	5.02908888562344	9.9150771457943	3.27235581513276	6.45319502343696	55.5894974064036	13.9649519478059	6.06841363977359	3.77499853091946	21.6907235700069	2.39683128832576	10.5641179030517	6.58663688841256	4.49523774992279	3.65797738346321	2.11967337263257	5.54487281170289	4.61823421520635
400883	62.4443204809045	1.6472156732969	14.2278580684492	11.3777998127736	15.1838562656033	3.99131471599773	12.8726462790579	3.1547869256764	5.86075327019157	62.8307121740021	30.6467776771316	6.65494769244047	3.37980646478535	19.6773409707404	2.30857900852388	8.53240930578025	7.5041776033176	3.49467978586998	3.97379155471763	4.90168193625616	5.03091789348466	4.99812978377039
400880	56.6161839026868	2.5830151902637	20.4175943514442	10.5695676733102	19.9779966569757	3.66118204905769	20.9531384102007	2.79742892976245	7.66674375574238	80.2115745601747	26.8147208664698	6.1838418248932	3.79661473390215	20.3374999987002	1.61404359000913	8.58141208982227	10.0186577960378	4.02434243722203	4.60045245642454	3.83201205839352	5.95561196796611	4.80392686569133
400877	60.7791386014137	3.05143933391124	11.0539708137308	9.84595835932865	8.13991049656407	2.97452841680969	7.57722108032224	2.42629624090896	5.56908738650961	48.9561197162198	6.56094817451935	5.8550123138074	3.39175712454171	17.0459735267814	2.27229188655118	7.7490301345626	4.98218847476687	5.46708412472186	3.15838461737507	2.01245817833557	4.62887676495514	4.63162647359412
400874	61.6117295411591	4.84783246504037	11.9146890439817	7.38423271531486	7.39347330710603	2.20920442091793	11.1859021242955	2.25587450652903	5.9280951342288	47.27707979121	4.18130135911246	5.60120147493644	3.58349037824624	14.9794447362495	1.83895067996211	7.98122119240055	5.11335773736323	2.12294825427205	3.21108030691198	2.21430249948103	4.04489726457639	3.78595937598654
407872	101.083333333333	2.98749329646047	17.1594763270678	14.8696653952909	23.4163641870734	6.30979204030026	15.1648519721352	3.52209689325741	5.67979671546291	79.3277265574352	19.9757352484756	8.60260765124545	6.9795342746145	22.5215778797678	1.89889180881593	7.95757466514409	8.94496222186011	4.8350746383611	4.05248023451296	4.13605082736466	6.52311508840803	5.8783248175845
407867	66.5072633186797	3.26893639998995	15.7485362561466	12.9917538045343	15.7810923173892	4.54324418530022	14.2886122031351	3.40474783979453	6.42547960782165	64.7613829348135	13.8976084483	6.41412847406509	4.33339585477588	22.1060355786166	2.12475286343133	8.31662862815142	6.92397271953835	3.86300188260431	4.08370512265981	3.59899880213964	5.65541251703459	5.79546653335428
407863	91	4.68712508956925	23.1833349660626	0	33.5628067934989	14.5652636166124	27.4926882840548	16.1825173648316	10.3208533365955	113.102963276079	15.4246622904205	7.66590452918859	9.32801000304228	35.9253080569516	3.25949283986056	11.4255432016269	9.6056587280078	9.05955682432588	4.80512041956012	4.27793369199367	5.29988370551867	5.64632428456036
407860	70.8900063767215	3.92069290559219	15.6366986277592	13.1326390477776	15.7166578511957	4.42225164282643	13.9707824388741	3.22076371882854	6.5487367888588	63.4578640802901	13.6082365304973	7.41528124017805	4.29811749567415	22.3305839880608	2.24008230799629	8.66710333048789	6.7891675462456	3.93916080686348	4.16057639293853	3.60797373320538	5.57573813872503	5.87856960213843
407857	64.8333333333333	3.98563436719206	10.1237833641903	12.0176893319345	12.4130360910965	6.58175226860974	7.52817989876075	4.15354656251967	4.06122358194516	64.4768038004437	12.7206106217381	6.36620723908064	5.9532553658755	19.3012994346197	1.84031707107086	7.85076507577502	5.36432765200949	4.01798912962692	3.42370162257683	2.81896706635734	4.69585934343761	4.53243457175029
407968	112.99683982708	6.1319690074586	7.87738568401823	9.26065436191522	5.74659790730332	3.06390439479718	3.90420136004678	2.48499340561442	3.62072212463299	49.8001816105987	2.3199470516398	5.51084517465685	3.05083399820056	13.397351350011	2.30095137673026	7.65265835944505	4.75859743258928	2.10068411570487	2.85016722788422	1.50776865993302	3.61016948146732	2.41713287629594
407965	115.833333333333	5.37793919341448	7.75426341278978	9.34529511638247	6.76339392428934	2.3877407750072	5.36823724153331	3.01208856205074	4.03883494289571	48.4254660425751	4.06817687686271	5.69526540717715	0	13.7553198521411	2.99146316314119	7.85665609465812	4.8457595327757	1.80327765909447	0	0	3.61666694544565	2.40700454988291
407963	69.0413730592537	5.2881812009247	15.9247752371927	13.0927560915583	14.6250176224661	4.10451902457409	13.9258834968952	3.17996733763958	6.60547873085513	63.7475788144919	13.1385492901304	6.17949817554602	3.68093727025669	21.7836002851348	2.31674416967727	8.41233499408105	6.68137960819247	3.68776307160492	4.0588635310053	3.86032422453955	5.48916401167732	5.73139746351199
407959	99.1666666666667	8.22371058395217	8.63943322399573	8.86610271796537	6.52823751469139	3.35432655587604	4.86494950632277	2.91056868728925	3.56669231268395	49.2298323041215	2.80066920425992	5.47647549529223	3.0135790636665	14.4423755803279	2.80754946872701	8.89610608195277	4.76638482786399	1.98617271786371	2.84497148777129	1.04640546852327	3.90900540105472	2.65553530420679
407956	68.2262775397955	5.47867188833551	15.7712709726019	12.8612244557724	14.6329600545634	4.07131593160447	13.9982427439885	3.09917525500836	6.65945406296759	63.9398943259476	13.7961994367121	6.04526272292857	3.66712842845451	21.223897720898	2.29034707169519	8.53722207450469	6.70057916665625	3.63229528347742	4.11236455261119	3.91747876491747	5.48135357570933	5.72931510755373
407953	155.833333333333	4.06619195316324	9.70965555877784	10.0784713052171	8.60232918839175	3.24692037963422	7.4611447643147	2.94515949428223	3.48490937532847	55.7018566466747	8.72053390708648	4.97189986462618	3.19498455832002	14.6832405962144	2.12595505581184	9.38592564219635	5.89917634472557	2.48731303892083	3.18053737369281	1.35090027197007	5.14005741334081	5.68764627481614
408040	103.333333333333	9.08571428571429	17.0072175033313	15.1511037053398	18.8913561774588	5.80925624536488	16.4975062924841	4.89854981678262	7.57684212622955	75.8310687601611	20.1168037499603	6.30388157826682	4.14385076235168	23.1269115803151	3.0632855041123	9.03971064852196	7.85159325122138	2.63690792443947	5.05802218064855	5.95813370719622	5.49816439495584	6.47294614715346
408037	81.0445664664286	6.53846423390095	14.3244906650504	12.3006918552352	10.0644060505253	3.2807644959538	10.7188139438818	3.38866539758711	7.09012689293135	56.6156076944677	6.06241571330241	6.36042698572116	3.71825252798061	20.6833191192048	1.84832831929228	9.02891617943322	6.05025969668333	3.43463313880263	3.47179073271663	2.26519146396677	5.07038173202613	4.22175394602163
408035	75.3622752430009	8.21545471894911	17.2852110962298	13.1830941115507	15.7855151259372	4.11486913668451	14.6531478961187	3.37722166005663	7.92724007132906	64.9815461182218	13.185919223836	6.30164603584756	4.16568281089023	23.4021968323204	2.4107715417643	8.81107928105731	6.60602281734323	3.82427933804223	4.41016323385342	3.87170114154531	5.86226373296432	5.99889751281463
408031	90.8333333333333	5.9712857142857	15.6460318527765	12.6202081409687	18.0733562483877	4.13415271037793	18.5618099350959	2.9007961559261	7.88384293474343	89.1979800917238	16.6513194207449	5.72089895001873	4.31430411623518	23.7748730008577	2.75597439173341	9.52151354292702	7.46806838315032	3.81542540652121	3.88030994515908	2.71311908099254	5.46449038225071	5.9647841895262
408028	73.1961872506275	5.47830115362742	16.4705363681628	12.9168377918126	14.6763343233635	4.03909602242027	14.4937000717212	3.11671129088647	7.19088530456209	64.7912629679064	13.0798671211718	6.22478582889588	3.87997422515341	22.3515260738178	2.25230302065218	8.63103592774617	6.61411704238369	3.61787769800573	4.15127788848193	4.01218405010216	5.65850984064848	5.86987486802338
408025	84.1666666666667	5.54787975807904	12.4658039625162	13.479414794656	12.7381746971592	4.06417284063398	11.1157897010475	4.153310840239	5.75909590940786	68.4721076636121	14.9210844798843	5.08573295250725	3.22954399128667	18.5731120490405	1.87625529972044	8.9701989755353	7.40505705184034	2.38134780176239	3.56067143398368	2.89104924257771	4.96654112748087	4.96476085488949
408063	80.8333333333333	7.6181262850778	10.3682660502279	11.045772469405	9.06943485238412	3.51344182025272	5.44892961902434	2.80087503987282	4.92535625436494	60.8976004924389	4.2219819413534	6.99472666309426	3.02383872925896	16.9370721475727	2.05784864113391	9.68358724054398	5.50215483697486	2.38885557819764	2.91815602377585	1.39174374459543	3.67718267671558	2.25281542874543
408061	141.910615780096	7.49119542505156	2.68235982296069	1.17193826382093	3.26604092953436	0.199533494746972	3.31695283318222	0.638688263977153	1.75400792602491	11.0003493016301	1.90003175636336	0	0	4.26447949540257	0.416818829840219	-0.191997623287584	0	1.87290701362639	0	0	0	0.944516144229603
408059	72.0614676901522	5.29198004685534	17.3336295898763	12.7684801732314	15.7433386212643	4.01427661733818	14.1336588686385	3.1070937640942	8.07086911827885	65.0327115547031	12.6345198661255	6.44722182007874	3.98845143176243	23.3152701163742	2.2674874463354	8.62095839081039	6.46833231120139	3.66180900535071	4.24430269685185	3.82987251448501	5.69305856588365	5.94313392808605
408055	151.666666666667	6.16682312952221	10.6546577959237	9.60243548140222	9.5389929220833	2.20087211240939	7.92293534789109	2.48899115030072	5.33946223516063	54.3411610288965	1.92307157245275	6.06271091589285	2.88438665743835	15.0451616640675	2.31409425655016	9.84516215088682	4.66036665207624	2.02473971609721	3.03648558259678	2.47313771266187	4.3006387183365	3.54745074788045
408053	69.9604069658259	4.54446532840001	16.8593117716243	12.8044923993647	14.7357738208044	3.96156433757052	13.9882606156604	3.10950668730143	7.28709275694643	63.883305614113	13.5710602277389	6.24132569223015	3.87121390216744	22.6016926863735	2.25070266692635	8.58808175417975	6.62377887380881	3.71866983335779	4.11809071163177	3.78593945990222	5.62209710157018	5.75162900068149
408050	81.6666666666667	8.10288308496032	9.02213996615724	8.19901227442979	6.63084798623485	1.94862731561265	6.77732567815049	2.9740159226578	3.39112761765408	46.7960105060575	4.28534529832732	4.8889872557444	0	13.6123223881304	1.72661958933883	7.42834568558987	4.94967280180403	1.8683408034756	0	1.4601336569153	3.75108223400971	3.22587356835235
408231	92.5	6.6085714285714	27.1035512695406	29.3774928854676	49.8462039887884	17.9038682527644	18.2098627402552	6.50299835258702	9.85933603914945	90.5286508492272	36.2076696595001	11.6255796570781	19.8583847290809	33.0734606332823	3.09079248273168	9.67072856780591	9.66393063333293	3.20702065202642	5.28275227686397	12.571982502281	10.5134723049869	12.6327317134156
408230	92.5	6.74029089135724	24.5662519472652	21.4201229397287	24.4083985313515	7.17699805485385	23.0429155859354	5.63408502723248	7.89776580832053	103.494067711338	32.1960548715418	5.93072875133091	4.15321379136608	23.7563731769581	3.2209948904248	10.6973733562707	11.7890115537644	5.9648241616069	6.02697654117499	10.265278778016	10.6474017641058	11.3536813878685
408229	74.3206642211621	6.4832575666107	16.8282346481271	13.1156528761933	15.7929021375901	4.23434046024624	15.4342713336873	3.22481493202477	7.59417886699113	66.0837826105825	14.1847311809462	6.24043106808911	4.03339999831394	22.4207734839998	2.4041477669324	8.84843640333138	6.83470086680361	3.68447997201363	4.25641477445259	4.13932936849635	5.85069123388925	6.11006856681188
408227	93.1666666666667	7.75341148966636	16.5617030217858	13.273416315464	14.7127748744257	4.13105066841178	14.3117432294336	3.27023291429429	7.26866260440144	64.4443642813484	13.001759284122	6.1059379247131	3.78661503660241	22.3205256986241	2.52992906455662	8.86357248007776	6.65295116713549	3.59995992472351	4.20549195386725	4.1631496166303	5.62276763023777	5.93645485988457
408226	74.018164286613	7.3896972969762	16.7244377454028	13.031247089866	15.8468681594705	4.17190871618179	15.1843815805138	3.21019846845267	7.64748242802851	66.1739982921596	14.0302253048237	6.36231690459566	3.84240839715535	22.5587429482728	2.37969051490338	8.87949656428746	6.75786149163916	3.71592326411827	4.20802409282482	4.2746109375645	5.79925518592692	6.19557727230449
408224	96.6666666666667	7.40816329574973	17.1803763884056	13.572293984133	14.3644905143234	2.76270586546905	14.4527411007402	3.06529701995394	8.29729057806064	66.7256674712639	12.5923246184045	5.83838252776363	3.7403076700427	23.6160149254243	2.75205806879884	9.34045430557464	6.26473050389783	7.77395303488535	4.74434213598171	7.73940994653961	7.21020000010085	7.23614350612827
408276	115.833333333333	6.27813789624501	9.55923369017382	9.61212614086374	7.13199036924512	3.1058832104241	6.19001222429378	2.82172173379418	4.43214338165449	52.5470212020147	2.96441630455536	4.23713748870026	0	15.5809438417605	2.2858065621675	7.83040548395101	4.71726662989065	2.58732250957526	2.9644332156709	1.01310384954202	3.80672924809907	3.43530081312249
408272	99.1666666666667	4.85608923289251	9.7764614379337	9.34620514336349	7.41190137833355	2.93607547662983	6.55519306313181	3.21897717095301	5.09240560202031	54.7520606443963	3.69504945018661	4.25493509841084	3.03160376303801	14.1590955608265	2.26906374599985	8.00916393648145	5.15369493862874	2.0921350366944	2.88262248030351	1.78203264491012	4.09583209784303	4.1765595564387
408270	79.1618081240986	3.80266688331833	15.9461417280258	13.0984597573459	15.41601529559	4.21105182850226	14.1511337224735	3.2808430350357	6.65872989690606	65.8455506845616	15.1758307649713	5.684334976789	3.67427255300332	21.2900420568932	2.29705170518667	8.35570281668504	6.83138459099378	3.6583103297849	4.05107739997953	4.04625005484512	5.62689343745932	5.68073049971194
408265	86.6666666666667	6.12736410097607	16.8423771997342	17.7404664748048	16.1774347880765	6.02989121559536	14.7265996583943	7.46827564978006	5.81561204715817	90.5543280785008	27.2145871412059	4.3696396750622	3.42363485706128	19.6459716948942	2.83377908036773	9.17988804441569	10.5272773487946	3.56572420510137	4.45612610173484	8.40804583209007	6.63045655726581	8.33209641972794
408263	65.6610922170787	3.98451764108458	15.2950976693671	12.8414097201082	14.814004417601	4.04806406677562	13.4566450396422	3.0614388912019	6.39418050184223	63.9093338744231	13.7648019130337	5.97804742433511	3.74321608046205	21.0453760514526	2.10202190564412	8.37176534004535	6.81278808385726	3.71169736157664	3.98137821878107	3.78030002823745	5.39181852078506	5.55260671314466
408260	257.5	5.07768450911289	10.9463409169488	11.6903188836604	7.09208741457897	3.35476205230304	4.96138220261531	2.96685166304296	6.24587380872127	53.9729338202834	8.18751333880287	4.16342360889801	3.8207406785455	16.9696967675267	2.27138465309266	8.06454996081748	4.81260535197701	2.32371882710551	3.28862707974334	3.48937510387965	4.32820071260193	4.94011827192201
408374	118.166666666667	2.5426428571429	14.7558627961486	14.3186113418354	17.6115724509746	5.93415875934825	17.0779045428275	4.83756697092055	6.9972696311407	78.8668747877502	22.4201890371944	3.49572652925295	3.35667800801016	19.342894742456	2.06102081838354	9.09037241798194	9.84894705976601	3.65603542412962	3.67382752670519	3.3281040127073	7.25605583763383	9.26878490026183
408373	72.4438229719704	1.920812349498	15.4624487138388	12.8920202207334	15.3999118643489	4.30152658401267	13.8481923655277	3.25033231956502	6.50634040959854	64.9342880592989	13.6662012968849	5.54333635208058	3.87428819967346	21.007228844832	2.10883886376181	8.29715444262012	6.88392909534522	3.67306868718833	3.99081950152975	3.88672529105473	5.61168758685772	5.72601207919543
408372	75.4159637649485	2.3265495839236	15.3192250886683	12.8857653107574	15.206257630983	4.20754433435689	13.5575366821103	3.22910174516328	6.44331849790516	65.1300738412673	13.8595850054167	5.31851557997481	3.6302188272979	20.7092180491362	2.09576746459276	8.34495364460004	6.88598132162972	3.64988226896229	3.96917543965489	3.77865504921651	5.52831801766893	5.69746907108304
408371	56	2.5472142857143	7.73925657087148	7.19597680977572	6.40916517530163	2.1087433927301	6.90670851123068	2.08488626025675	3.9015195865012	45.082055452047	3.27473410155412	4.02617432126737	3.4595694051019	13.0093165994864	1.6690750934976	7.40982212617245	5.05201925474268	2.77983097229353	3.22389984115999	3.7712975425237	3.92432277355141	2.68085554556299
408370	68.4157991987237	1.8324719674972	15.2159701583808	13.1135632544389	15.4206413319653	4.28855007543381	13.6959029820198	3.24798727778941	6.43842557675582	65.5490190599193	15.7955514310973	5.42672635353044	3.67123118782578	20.9060963103221	2.04266729989669	8.33324900840346	6.94284762225726	3.81646906213328	3.97786304888339	3.99132384403387	5.58677847150845	5.73139181789122
408396	68.3333333333333	5.4564285714286	9.00006811439933	9.08014067787697	6.47387304962621	2.5423006567161	5.85565484570491	3.07974299169466	3.8910653801616	51.8038818509603	3.93632421829526	4.6688681440184	3.39101622646788	13.5348976924539	2.02672990553539	8.31225302504348	5.31170696494178	2.00037946160297	2.85212185651703	1.41319383417823	3.78723216593612	2.2554633076395
408392	73.3333333333333	6.765	9.04648561185653	7.95046623493958	7.15004428295896	2.75852961594502	8.18729483487412	2.19436577878893	4.95438129328889	48.1620882935056	5.03439300851177	4.08567216613066	3.40989409682013	13.1179003799373	1.80913221381555	8.5771134707905	5.38479733898077	1.68912375640252	3.19585644774166	2.98233906263456	4.05438728941313	2.99082219335563
408390	64.397592268653	3.0526397912632	15.5776566804385	12.9521451393416	14.8482558219757	4.07182298192967	13.7717672254915	3.16742229127359	6.55441515103708	63.7880829596076	13.7610975567621	5.47684365407216	3.67230463618766	20.8339469575411	2.0223918529482	8.41010106072605	6.77309587900611	3.67617647277447	3.9841281065546	3.76878736291985	5.39793955227947	5.48803064311052
408386	117.5	6.49682458742322	8.50751878002742	9.19790806623571	6.38248147925208	3.13424802406591	6.8106952619594	2.37582399226799	3.49394946450066	48.9203831126427	3.90757716920254	4.29045451123057	2.99438416413096	14.8486662124254	2.60119892306926	8.13545646364602	4.99108574398283	2.87000416522789	3.11534734304316	1.98880026521539	3.8967551119272	3.88134692018675
408383	68.1045453766688	3.59563882223093	15.3909846416272	13.1269029790924	15.2119701399642	4.27786861862566	13.4975153233794	3.27795881439002	6.5479466823106	65.2874107569003	14.2734651575673	5.49123704774385	3.66083496133757	20.9655612732235	2.04626410285364	8.36711102383885	6.86336196188233	3.73587953376691	4.04709670543809	3.92690728270027	5.55409434834915	5.6648161797783
408380	68.3333333333333	7.9385714285714	7.80518104280226	7.70756156263469	5.16338528220807	1.74499538843705	6.39588941371338	2.21834637632363	4.14828699187901	44.8626971451073	0.58789140865773	3.17711597775767	3.37844427834707	12.2159194603735	1.44536576595882	6.86785245935156	5.04385694669317	1.90935984553528	2.82528763982208	1.3863343664595	4.11312457744321	2.96579273824832
408491	96.6666666666667	6.88181701789499	23.1221591534766	17.405303736073	16.6052704641504	5.34710516422478	14.4038810503821	2.99629979782113	9.28551160152167	62.0927476208779	12.1931766023034	8.18351028091508	3.64144136175865	25.6098976295354	7.31374370352055	7.55780099172506	6.40952236805766	3.27362575432099	4.26435900844099	5.86963008046519	4.49731313498482	6.23965971825871
408488	75.8333333333333	4.87092952351999	15.8844518520682	10.7290518694454	13.9672607306596	4.0869743036095	11.8197909488835	2.6347627622338	7.13816418109624	54.7362558670675	6.44494522903026	3.83131574944633	3.4853196781527	18.7881402292607	3.39036422141092	7.32279236523826	5.40989249166614	2.38522053077112	3.23806394977798	2.66608970354478	4.67558348800876	4.63752587145309
408486	64.0340389444412	3.98332447907152	15.8770728656288	12.9997905390371	14.7632768480085	4.14217623630389	13.8302726293426	3.06012529667568	6.63484380866172	64.0324971226817	13.6496530397006	5.6246242503344	3.70774747133047	21.074182529209	2.25953807173137	8.38382164348326	6.70600731126213	3.70230120226866	4.01750353913978	3.84920724055762	5.44785771479869	5.57492721734951
408482	227.5	6.62447178004517	9.76483310442382	7.75602779505936	7.07754668783035	2.72391321990196	9.18174253711779	2.22206518744497	5.54898261382767	47.4009994770069	3.41638681456823	3.03100708073043	2.97392360668255	14.7833563135171	2.7040461733773	6.63970105599228	5.4602203201076	2.48463985070303	2.89550943355053	1.6191407292324	3.81402392054484	3.79568152113334
408479	74.1840292237107	4.32135152927825	15.5131486091191	12.9399778500778	14.7814598151577	4.29585326386487	13.6341602253585	3.14007500902026	6.61733594836036	63.9274268389729	14.1844394343108	5.39229452423849	3.67144038861811	20.8720891568936	2.13753718840892	8.29817301353364	6.68105251799197	3.68085369178936	3.98282128234687	3.72705824682309	5.48496433597125	5.55679555227437
408476	65	6.18430385159439	12.5051649899254	8.06311576400392	16.8397548395227	3.33376094688736	11.8043600217143	1.82165242506941	6.89693720896428	55.3950538822743	10.1491043971322	3.63536372482882	2.9160445634927	18.499004714128	1.69215857021721	6.75758734413568	5.50955663914022	3.24797776068609	3.6617331477781	5.47076118641125	5.41294634048697	5.35072914370908
433246	130.722222222222	3.82145401909075	15.651247908913	12.9838523609813	14.0643408183345	4.00628589860808	12.4912470445421	3.26072127798415	6.78459609484998	62.1601518571471	12.9960645621819	6.13869970873225	3.70850180527083	21.5061824179543	2.39286947812405	8.86091591300919	6.5914188265332	3.48010024434638	3.79887723151437	3.2751662921612	5.26685920991135	5.17360022411129
433242	71.4888888888889	6.13708690077246	16.2843841837111	13.2685880837689	14.029147259055	3.97172083432018	12.7477801988732	3.27942333647264	6.84121721194852	62.844616600937	12.120062195331	6.39133794008041	3.85942654971936	21.7242327931991	2.31614014372506	8.8681089084826	6.52819762444711	3.53588642743558	4.01384679270206	3.61290209415318	5.38179047729446	5.45089376348409
433240	75.6643241977293	5.60753630136327	16.1926844792057	13.0289660031901	14.4493939896403	4.04370747446525	13.5653225209216	3.20852617820237	6.85284113110982	63.9264405593239	13.5247178340015	6.00800542079923	3.75568746402293	21.692956612458	2.37368264391125	9.0119936283941	6.70518666628592	3.70192228518339	4.06747377180231	3.61150450923127	5.61841585825632	5.59697029078457
433238	75.6611111111111	3.8857018147255	16.2165757002034	12.9365350953884	14.3537305851422	3.9660192106737	13.6520429972058	3.14579928150319	6.71487647043964	64.1307417706362	13.284024813628	5.91109253864636	3.70751923133745	21.3759160101219	2.42029281654155	8.87438702126967	6.7208708003388	3.64667255483479	4.07918121716272	3.52463780791129	5.50472587012297	5.50318843377017
433234	72.4944315244833	4.05588468594324	15.9691665638737	13.084799086545	14.5724578200308	4.02245785923941	13.759374055715	3.1937863464641	6.67093029864586	64.0180690362583	14.020294769509	5.70644453490434	3.7418703209262	21.3834651353262	2.33963078393957	8.80204095242108	6.64089212471021	3.69333460405193	4.06174371877307	3.70130568900901	5.52324882972305	5.58417736009607
433231	71.6194444444445	2.97036390608331	15.9413825378516	13.3362205141572	14.5975855381022	4.54069236684891	13.6822753909423	3.4132012322378	6.6471735967854	64.1071471167787	13.3590686010997	6.36963616979447	4.1610276351073	21.8433312035847	2.30260660958425	8.67447880408116	6.76011062805874	4.11600134432808	4.1665478656801	3.79587875944938	5.62270901541681	5.52576165766043
433318	73.3777777777778	5.6902380952381	16.3227521727667	14.0376705350897	15.7118855270731	4.77998247357816	13.7322664638867	3.48497294005791	6.60030397102396	64.5263278730694	14.997734460701	6.64797787557404	4.01331185457917	21.5466956450146	2.29087042922612	8.37590265726924	6.96912020255048	3.62853077524894	4.15115442851265	3.89643164206707	5.59753636006754	5.81286361489708
433314	84.9444444444444	9.5383333333333	15.9563552891816	13.5895513002048	15.122809960369	4.4828863456249	13.5132592352483	3.2313888903522	6.4853404305086	64.558523361875	14.2278318145563	5.73144382056618	3.89717899957052	21.2342469658001	2.37128463213283	8.62192268637326	6.91269687485441	3.55412846271774	4.08888318496647	4.01451268304949	5.59200409549341	5.6615151466964
433312	74.8666666666667	5.5204761904762	15.7192491709898	13.4118027196656	15.6049164604502	4.29479569016696	14.3235916949319	3.31502612626546	6.63825750540841	65.1250943656017	15.2661926622612	5.68674477389039	3.80151434497553	21.5463850137941	2.34325634335281	8.44673012034587	7.0435533038453	3.78656310833735	4.13489868555831	4.08527813562192	5.65688395228407	5.72292354764707
433310	57.3527777777778	3.4240476190476	16.68296466619	13.692518730955	15.7791058835898	4.6254511703203	14.1186874591061	3.32873047231309	6.7775344165394	64.7263389288426	15.009324110824	7.1040404973588	3.99326109522392	21.6649852891728	2.33627783876105	8.50003187272645	6.90980961707295	3.76881119626191	4.20113017744468	3.86024602570293	5.67335520423835	5.71517748470471
433306	59.3111111111111	3.9952380952381	16.0459056302672	13.3636461981133	16.2185944868347	4.8195345141549	13.891192301662	3.38672435072352	6.6454063807246	64.7031851514115	16.3893872962635	5.77225201589381	3.75850437460095	21.5796875370225	2.22145222182761	8.47102947293918	7.12979553104005	3.76134059716045	4.12443463868579	4.07249578129556	5.77114317123544	5.69734004474193
433303	56.4	3.1128571428571	15.8547442128104	13.0044161682107	15.7601194935629	4.17605808313104	14.3322329314642	3.33884453407129	6.76494065299144	66.6291770316451	16.59202740427	5.86670999601742	3.92441413470166	21.9000921933514	2.31988909206018	8.8017386831968	7.03909760370053	3.91218688668847	4.13419847489394	4.16303393951557	5.76952332414521	5.77884840495786
433392	57.7833333333333	3.42555880850017	16.7304777415873	13.8593157265997	16.0979347273892	4.5817420276168	14.57740034162	3.47057606352217	6.68014083421464	66.4918136709273	16.1389661851124	6.87933599649944	3.91389074324145	22.5685672050462	2.34206199414592	8.68358024626198	7.08578553558878	4.04718001530235	4.25219629194501	4.51352663009427	5.91069441965446	6.33700554808518
433388	58.7	4.45256461525048	16.7077698341997	13.2440373731175	16.20588544841	4.55066645782564	14.8853690385546	4.01579185941515	6.66592576656887	66.0647540764272	15.3667529468737	6.51730370223355	4.03849013266349	22.4019184331966	2.23951945016332	8.47876154310523	7.15074801758003	3.85318174236674	4.23120609121181	4.17370429068795	5.87523455836068	6.03619532021744
433386	59.0972222222222	3.66759417419613	16.1482549678191	13.222285280573	15.8343153971899	4.25172545526256	14.1256983327361	3.38531235467602	6.89244945803514	64.6559604588393	15.3782106754354	5.94421209249529	3.72567516825878	21.9775880170207	2.22590803099053	8.54025043833494	6.87451476580901	3.93400578118443	4.19773198230854	4.39924006535006	5.88580210704682	6.21044570421138
433384	90.6666666666666	4.3542857142857	16.2779393389917	14.090760078319	16.1636740268427	4.96808507212578	14.4874859316021	3.53265522968473	6.60432986997782	67.4351075160701	15.5633943007413	5.55982137335877	3.80065616157065	21.7388375977986	2.32716128855	8.45684498138549	7.17779537686841	3.62426630181271	4.16980553305763	4.09065630957123	5.90556157619541	6.23805836183411
433380	81.1111111111111	5.5678571428571	16.4794832764756	13.6343424670329	17.4353515783595	4.80127930013934	15.2731378865116	3.47966936777148	7.09318841183734	71.5877318945451	16.5170317234231	5.84773202870762	4.44637723466875	22.5170986085861	2.41858014742437	8.80086057531736	7.5752831638023	3.8813854448928	4.30995177698503	4.36929297114716	6.08442289663823	6.45429623432033
433377	76.7861111111111	4.5985714285714	15.6263072086829	13.3038078554878	16.1951380412072	4.65316816803271	14.816019113974	3.53274743406581	6.46665103003597	68.9259108783649	16.7235987810634	6.0668493217381	3.95134274026631	21.7058099116227	2.17595911179168	8.46004438698667	7.33495463241954	3.81921297947757	4.08872459157822	4.22002518093008	5.86112934010102	5.81812183022659
433442	64.1666666666667	3.82668583871154	16.2421805040368	13.8335692671038	15.6337061931151	4.32108480424584	14.4556137635138	3.47875706706513	6.62914712528195	65.8144863750335	14.9742373560645	6.31671565024722	4.05253358433199	22.0541201547177	2.38310006058951	8.50946161885695	7.04943757801334	3.74528797653255	4.20626044073881	4.16329629903811	6.05090213452569	6.14547322011077
433438	63.7055555555556	4.2069502841623	15.8987113719565	13.023779896984	15.8232467883717	4.21818400653651	14.5459597132974	3.27238391823894	6.73190793646267	66.050326261944	16.1057332350105	5.93170923793393	3.64546841088065	21.6856436912741	2.3096864557734	8.38018016214297	6.9924947390254	3.77853702014057	4.11175354172239	4.02618461579	5.79420917291847	5.89604337769236
433436	75.3527777777778	5.88056937677759	15.5031273378527	13.2070228129279	15.0226728121824	4.2252804390867	13.6088627892376	3.2357935484646	6.48910378812582	64.6746281189953	13.5296834399085	5.85603014090455	3.68131587861111	21.077315058076	2.1823699619599	8.37534034790463	6.96713097372387	3.67237318267236	4.10928780320342	3.94346116579103	5.66069230663817	5.75491723916845
433434	59.1972222222222	4.30584230803981	15.9657003348126	13.3384893526761	15.2194111711394	4.69239540866091	14.0555031864619	3.46993413532354	6.53822363514665	64.1106198910423	13.7988607269364	5.93779900620132	4.04795920821731	21.679697379329	2.29106664801311	8.28905900667442	6.97092992798521	3.83737419923877	4.11575913316369	3.79180297408022	5.52706973564827	5.77340459214427
433430	57.9361111111111	3.97589786502095	15.4652747840969	13.0670814055549	14.5341872162107	4.19731836355099	13.3983862446359	3.2606856395861	6.50165446534514	63.8476594816424	14.3194728970678	5.93457702176648	3.60867882848095	21.0374263679084	2.16064037510787	8.43950685967672	6.76769861157774	3.76917211288019	4.0736447544126	3.88031981618207	5.59513860740357	5.76676902464614
433427	59.2	4.80850965282324	15.862238630894	13.660630403026	15.570360381964	4.49920474651888	14.5802324572641	3.38039453580344	6.75604332354395	66.471044708319	16.4935060596541	5.79977027164896	3.60214734240477	21.2180191250542	2.28715518631319	8.45767847035191	7.21396849296295	3.65145271861237	4.11276095729735	4.17122243815463	5.73626927575358	5.82986958088965
433569	73.2944444444445	6.35476190476191	18.4273390507773	12.9544821164208	15.9055001971448	4.27700933713141	14.6761206975158	3.30138066602827	7.96665590512726	65.2113356583223	14.2285596485812	7.16566892982738	3.96239591838186	23.4215970257096	2.43993250930092	9.02475535946371	6.67639990303785	3.56142473245314	4.26920743290952	4.09171290593711	5.86370199397094	5.94275749896542
433565	79.2583333333333	6.13666666666667	17.0875037346868	12.9261092858741	14.8928352952124	3.91027443699195	13.9230787525685	3.30204656741462	7.52387572040515	63.5650438418948	12.0725692431304	7.39799693878891	3.92400644110984	22.4360807304891	2.35236596648917	9.00821388872828	6.43427508142061	3.51540651671606	4.13297188379839	3.73702749426779	5.56090422522568	5.67262765928248
433563	76.0833333333333	5.9007142857143	17.0759767875293	12.7909484195573	15.1350804767792	3.94709356979176	14.0374590636598	3.12766154654782	7.59452022633623	63.6401917950508	12.1933565929063	7.56650140017857	3.87734135030477	22.5078061269451	2.27883426987162	9.02784040632569	6.44061866062346	3.42339470272054	4.10787484838432	3.82894739538133	5.56623319831198	5.62810407334839
433561	78.4305555555556	5.56268417969446	17.0453174000472	12.7117883654525	14.5724130739871	3.80172779548064	13.5620384828017	3.13148327963205	7.57980775235952	63.1522239357567	10.3404315098679	7.53375455637711	3.98448422041159	22.2350529773176	2.32066026081664	8.6586483652351	6.12074782345428	3.37058676659346	4.06616074671447	3.25725491688194	5.54696061390987	5.61159209687441
433557	71.0805555555556	5.57688768351661	17.1632709518488	12.7535855630195	15.7627185400091	4.13274625738989	14.7120775220704	3.21563861339701	7.77610571027766	66.7232437653328	14.4653474132372	7.10835699128819	3.93046077201205	22.8055135378182	2.24896847871914	8.80639730863418	6.74949739793691	3.60626996625123	4.2247917239761	4.11618753465421	5.67594287400333	6.08937914819017
433554	76.5083333333333	5.06230660132167	16.7688397799456	12.7874476010944	14.9400093779202	3.86647417552185	14.063082996323	3.20202957588633	7.34516159500224	64.1296926481697	12.7941239754472	7.3341312381523	3.87804496773456	21.8510015337989	2.32677682990222	8.71697431706857	6.53795476822905	3.47935332060908	4.05627432246952	3.99633459237143	5.58196061919859	5.63826711021485
433643	62.2916666666667	4.96355739433005	16.3723605562284	12.982344735513	16.0335308558836	4.27010476167382	15.4984644518272	3.28102132613535	6.9369469702512	68.7263099552092	17.0256850960764	6.12214602505052	3.71794181377254	21.955225901481	2.43675445498113	8.94793616492381	7.14136360509229	3.69539811241166	4.12956661020084	4.34148481280929	5.8383560659671	6.09666795033083
433639	56.5861111111111	4.58050515217619	15.9639645504604	13.1273138956671	14.7381082481912	4.14803114263827	13.9634960333001	3.38225143775566	6.63365081472672	64.7564072528063	13.5627154070462	5.59380482096053	3.63378316428711	20.9193720072254	2.30323334315405	8.48966253144434	6.85334507209403	3.60176377369864	4.05386900283897	3.9336601530291	5.6718652595254	5.644166537957
433637	55.575	3.80023805640323	15.4613551032197	13.0707249890686	14.4271049249206	4.13073270594465	13.4158314290343	3.2431887041798	6.65119525717525	65.4732521748726	14.4782663596495	5.67218872624376	3.66618524935403	21.2217377244058	2.22057088478667	8.51948152852832	6.88122543912113	3.61804281656793	4.09311723801687	3.9285165292864	5.80802884228348	5.73839775282351
433635	55.7194444444444	3.6067608908706	15.9358205248214	13.0326787844243	15.2655540371853	4.04884895870003	14.104826398696	3.27554704890836	6.72983068029162	65.853673456449	14.6886946295546	6.03619934309014	3.57635108822488	21.371433320565	2.24867873934471	8.56948775506902	6.97129408555301	3.64644770578822	4.06565508404834	4.03690041887201	5.68972676800323	5.76635520708015
433631	55.2444444444444	3.33427695720981	15.4735159463008	13.2227200251716	14.7195297519108	4.2866943687696	13.3709212353559	3.26749344609677	6.59055665283028	65.0789100280592	14.1956606094021	5.77664574066986	3.65316967492851	21.3071902328829	2.16347634220246	8.38231070585086	6.91649483375262	3.66385768226523	4.09126595856815	3.98193664559491	5.69764529939422	5.76995372943626
433628	53.5166666666667	3.02714679942003	16.1423463948426	13.7278290088294	16.1045372979551	5.02570791632376	14.0747635929901	3.89293805904389	6.97478648347665	68.2189053525	16.9314498095322	5.78759884699483	3.84003315472017	22.5979555387894	2.77281057149575	8.76650572464284	7.33275484024667	3.87607225038413	4.17909783810035	4.50386295700546	6.09958834874309	6.63525848904358
433731	54.3416666666667	2.56684266894755	15.7816307506755	12.8981936020272	14.1953612121022	3.98723535120782	13.3900480187813	3.12944111432045	6.62922480187372	62.4562024054558	13.8113588322514	6.19282093593116	3.6858560549727	21.3226100116224	2.19277416217542	8.40503835346121	6.56913372932644	3.67573559721845	4.02191281666839	3.65672396071964	5.54939649096145	5.46926180674706
433727	59.0190999543925	3.88061632674606	15.9694074480898	12.9545617875148	14.6684794793853	4.04197800273663	13.7909334282337	3.17822719912307	6.55125392085996	64.5947391184282	13.7141848239091	6.1771286535731	3.69587653009702	21.3524381072005	2.26743767870682	8.28451638269353	6.84004484266575	3.70452038137472	4.11559334286816	3.89717682250011	5.61571392085864	5.60672245242811
433725	56.5833333333333	2.79034434479247	15.6455215569183	12.7219191384533	14.9027651121646	4.09638999657912	13.6372076045948	3.19697620888682	6.6240052616656	63.7384580546358	13.6463882827692	6.53509986759866	4.02541468636059	21.6368879330925	2.27524925153006	8.51825346462196	6.6500563263165	3.76985253288428	4.07755708750682	3.69745560466243	5.57355056559824	5.5918599189996
433723	55.3194444444444	4.4602761084489	16.0484037462879	12.8176164344096	14.783744676473	4.05696927746869	13.9356808571993	3.0759350681437	6.66503671658039	64.0096819814606	13.9189773024896	6.1758348244031	3.67667751045117	21.6296317983111	2.24540208064248	8.30177640180639	6.77398278059384	3.80735938803479	4.09087874219238	3.86336872480046	5.5268317508764	5.65908408630484
433719	53.5694444444444	3.7954105680641	15.9244697069481	12.9851831199093	14.5004615942396	4.12891485688673	13.8606735870837	3.13749835420225	6.66598783519102	63.4669951363427	14.0561363806865	6.06303590511042	3.70948701569409	21.3678738222261	2.18933413588309	8.38865467333777	6.64427450408346	3.74716528164932	4.02380333233289	3.71506177033667	5.48497251390482	5.51499819431347
433716	57.6222222222222	4.79094796211257	16.3139018692275	13.5220925657287	16.4950551887855	4.4737882845671	15.4943408144241	3.44037004804086	7.01887916634808	70.4988022611965	16.3596215601579	6.3069108100602	4.08499364044957	21.6832957471309	2.30026719950939	8.48505180808165	7.35073570757501	3.73487837516251	4.22336509614366	4.17522205676879	5.90979874115406	5.78894585056087
433946	106.277777777778	5.17638614356171	16.3257414461722	12.7902889229808	13.8892743754637	3.87528026445591	11.4118004371158	3.1094670973558	7.3035640128958	61.3857807081599	8.99479322473508	8.26764748227089	3.85337020885127	21.3467234506796	2.47226777441293	9.40022818953336	5.96821847118089	3.24822847788739	3.64089158279251	2.79114937923237	5.19880438278308	4.80866379437414
433942	87.1466079495784	6.77503513541035	16.0521572334239	12.8055668060677	14.2770746440642	3.99470868600849	12.3611787561161	3.14240613069799	7.27312551617488	62.8140408899603	10.1598434118833	8.32444874274799	4.06761643378241	22.055800937492	2.5192436819956	9.64579891624069	6.22759194061291	3.37329096615613	3.77796851839967	3.24729903718539	5.36228860458479	5.23246569586733
433940	79.8388888888889	6.40974394829534	16.6713051439733	13.3035679873407	15.2634285388491	4.17510383850886	13.6954515667363	3.2394213217044	7.40709655088905	64.6516762591682	13.0216212943341	8.69142955699689	4.21997378686854	23.057588679646	2.57684725883005	9.75891431413243	6.73691804704839	3.908129040466	4.17691518326504	3.80925751763088	5.70943510194158	5.69170212463641
433938	96.4722222222222	8.75464754278243	16.5277409637656	13.1763242576866	15.4712801730236	4.19476535082236	13.2391521541738	3.1758263463029	7.20149235572302	63.7803362913152	12.519234511124	8.29238224309419	4.26499645552153	23.025185975579	2.59258486512778	9.56374367866285	6.61863364245673	3.60729318612164	4.12175722204556	3.63773385822179	5.56200659353185	5.67217130646945
433934	85.3831375144201	6.9922142326784	16.5729268422521	13.3511117549515	15.3812101812971	4.36401284302062	13.6745161757415	3.21563863659617	7.39664447588261	63.8712198759939	14.0971984793644	7.99316726139583	4.16103882948153	22.817286863485	2.49714287929688	9.88158707352149	6.74958556795238	3.66041336116016	4.15951465078344	3.76958469555445	5.61945606482817	5.66335369964798
433931	72.3833333333333	6.00945473175663	16.4601296710044	13.2702893165854	14.9981781106956	4.55858735142099	13.502064848169	3.36432420190713	7.36221217071672	63.9629120734341	13.2929863052941	7.76239857125413	4.46485589532184	23.1525077214678	2.55312152565059	9.57146841980763	6.78856538127601	3.9635961136032	4.23305002302123	3.76482945091314	5.79649472620999	5.77647030214418
